0 0.960802 0.432407 0.031250 0.057407
0 0.133218 0.540863 0.036503 0.137034
0 0.126923 0.395278 0.029808 0.084573
0 0.254726 0.472902 0.033368 0.105022
0 0.605907 0.366492 0.048378 0.076923
0 0.112204 0.593639 0.075179 0.131746
0 0.318750 0.290265 0.015774 0.048677
0 0.094864 0.376982 0.024897 0.060759
0 0.398155 0.315079 0.022917 0.053016
0 0.338812 0.384066 0.032143 0.086032
0 0.614423 0.451453 0.038654 0.103590
0 0.689451 0.356239 0.037500 0.066667
0 0.691250 0.503333 0.048750 0.104444
0 0.855982 0.357302 0.035000 0.058730
