0 0.960804 0.432407 0.031250 0.057407
0 0.133253 0.540602 0.036552 0.137465
0 0.126923 0.395067 0.029808 0.084151
0 0.255405 0.472141 0.033361 0.103500
0 0.605567 0.365986 0.046154 0.076923
0 0.307067 0.506707 0.042321 0.127619
0 0.353869 0.304233 0.020536 0.057143
0 0.094864 0.376982 0.024897 0.060759
0 0.458363 0.327566 0.036111 0.059436
0 0.476710 0.454750 0.039286 0.101587
0 0.747021 0.544298 0.048849 0.122295
0 0.848437 0.368473 0.037500 0.051515
0 0.888750 0.611111 0.083750 0.151111
0 0.958958 0.358519 0.035000 0.071111
