0 0.960802 0.432407 0.031250 0.057407
0 0.133218 0.540863 0.036503 0.137034
0 0.126923 0.395278 0.029808 0.084573
0 0.255043 0.471621 0.033364 0.102460
0 0.605907 0.366492 0.048378 0.076923
0 0.156055 0.578189 0.074583 0.123704
0 0.325298 0.292063 0.015774 0.048677
0 0.094864 0.376982 0.024897 0.060759
0 0.411766 0.321429 0.027282 0.053016
0 0.375852 0.399023 0.038393 0.101587
0 0.650865 0.474457 0.042500 0.112137
0 0.708558 0.355604 0.037500 0.066667
0 0.746882 0.526825 0.056250 0.129206
0 0.869375 0.351111 0.035000 0.071111
