0 0.887205 0.435826 0.046023 0.057407
0 0.126923 0.396582 0.029808 0.087180
0 0.254407 0.479169 0.031707 0.117556
0 0.503846 0.391453 0.035577 0.070085
0 0.329218 0.293582 0.014152 0.043046
0 0.543964 0.364847 0.037500 0.066667
0 0.306534 0.297024 0.014108 0.045703
0 0.417019 0.320342 0.021827 0.062222
0 0.037644 0.637009 0.072500 0.145812
0 0.437404 0.505641 0.041827 0.112479
0 0.833654 0.773882 0.081731 0.216139
0 0.948077 0.712739 0.095192 0.169394
0 0.589538 0.860562 0.082692 0.241026
0 0.832692 0.481197 0.056731 0.102564
