0 0.900361 0.435338 0.031250 0.057407
0 0.126923 0.396582 0.029808 0.087180
0 0.254407 0.479169 0.031707 0.117556
0 0.503846 0.391453 0.035577 0.070085
0 0.332627 0.292572 0.014152 0.043046
0 0.543964 0.364847 0.037500 0.066667
0 0.313352 0.297024 0.014108 0.045703
0 0.419904 0.321319 0.021827 0.062222
0 0.069135 0.638840 0.098530 0.155336
0 0.437404 0.505641 0.041827 0.112479
0 0.833654 0.783883 0.081731 0.236142
0 0.948077 0.718030 0.095192 0.158812
0 0.588393 0.864418 0.091026 0.242877
0 0.832692 0.481197 0.056731 0.102564
