0 0.960803 0.432407 0.031250 0.057407
0 0.133253 0.540602 0.036552 0.137465
0 0.126923 0.395067 0.029808 0.084151
0 0.255405 0.472141 0.033361 0.103500
0 0.605622 0.366068 0.046513 0.076923
0 0.297901 0.511893 0.046488 0.142434
0 0.349107 0.302646 0.016964 0.051852
0 0.094864 0.376982 0.024897 0.060759
0 0.454732 0.331270 0.037500 0.061905
0 0.442636 0.433811 0.041541 0.107733
0 0.747021 0.544298 0.048849 0.122295
0 0.825641 0.368832 0.037500 0.044444
0 0.888750 0.611111 0.083750 0.151111
0 0.958958 0.358519 0.035000 0.071111
