0 0.960802 0.432407 0.031250 0.057407
0 0.133237 0.540721 0.036530 0.137269
0 0.126923 0.395278 0.029808 0.084573
0 0.255043 0.471621 0.033364 0.102460
0 0.605754 0.366264 0.047374 0.076923
0 0.198317 0.554115 0.057321 0.123175
0 0.334226 0.295238 0.016964 0.051852
0 0.094864 0.376982 0.024897 0.060759
0 0.419107 0.324603 0.031250 0.053016
0 0.390687 0.411844 0.038393 0.101587
0 0.680989 0.496838 0.042857 0.112772
0 0.746980 0.354229 0.037500 0.066667
0 0.778750 0.557778 0.056250 0.146667
0 0.902232 0.360000 0.035000 0.071111
