0 0.960803 0.432407 0.031250 0.057407
0 0.133253 0.540602 0.036552 0.137465
0 0.126923 0.395067 0.029808 0.084151
0 0.255405 0.472141 0.033361 0.103500
0 0.605754 0.366264 0.047374 0.076923
0 0.283536 0.527236 0.047758 0.130370
0 0.349107 0.302646 0.016964 0.051852
0 0.094864 0.376982 0.024897 0.060759
0 0.449114 0.329377 0.035549 0.058754
0 0.442636 0.433811 0.041541 0.107733
0 0.722775 0.526838 0.046071 0.118486
0 0.806488 0.355930 0.037500 0.066667
0 0.841607 0.585975 0.071964 0.144648
0 0.939196 0.360000 0.035000 0.071111
