0 0.946396 0.433183 0.032121 0.058735
0 0.126923 0.396332 0.029808 0.086682
0 0.254091 0.478562 0.032341 0.116343
0 0.516346 0.388034 0.035577 0.070085
0 0.214723 0.274595 0.016566 0.040733
0 0.363024 0.309239 0.018129 0.048096
0 0.544309 0.364205 0.037500 0.066667
0 0.351420 0.320761 0.014108 0.054794
0 0.483463 0.325849 0.033365 0.062222
0 0.370799 0.599659 0.093654 0.133846
0 0.536442 0.589402 0.059135 0.163761
0 0.848558 0.789174 0.086538 0.235328
0 0.962286 0.719658 0.066774 0.155556
0 0.637967 0.914530 0.085192 0.169719
0 0.898283 0.484371 0.056731 0.102564
