0 0.945193 0.432666 0.031540 0.057850
0 0.126923 0.396332 0.029808 0.086682
0 0.254217 0.478805 0.032087 0.116829
0 0.516346 0.388034 0.035577 0.070085
0 0.213374 0.273325 0.016566 0.040733
0 0.363024 0.309239 0.018129 0.048096
0 0.544309 0.364205 0.037500 0.066667
0 0.344602 0.317529 0.014108 0.054794
0 0.477348 0.326001 0.033365 0.062222
0 0.333798 0.603675 0.093654 0.133846
0 0.536442 0.589402 0.059135 0.163761
0 0.846541 0.786681 0.087366 0.240313
0 0.960470 0.719658 0.070406 0.155556
0 0.637967 0.914530 0.085192 0.169719
0 0.898283 0.484371 0.056731 0.102564
