0 0.900361 0.435338 0.031250 0.057407
0 0.126923 0.396582 0.029808 0.087180
0 0.254407 0.479169 0.031707 0.117556
0 0.503846 0.391453 0.035577 0.070085
0 0.336462 0.295602 0.014152 0.043046
0 0.543964 0.364847 0.037500 0.066667
0 0.313352 0.297024 0.014108 0.045703
0 0.428558 0.324249 0.021827 0.062222
0 0.069135 0.638840 0.098530 0.155336
0 0.451140 0.522247 0.041827 0.126154
0 0.833654 0.783883 0.081731 0.236142
0 0.948077 0.712511 0.095192 0.169849
0 0.594574 0.865446 0.082692 0.241026
0 0.843132 0.481197 0.056731 0.102564
