0 0.948201 0.433958 0.032992 0.060062
0 0.126923 0.396332 0.029808 0.086682
0 0.254091 0.478562 0.032341 0.116343
0 0.516346 0.388034 0.035577 0.070085
0 0.218235 0.280733 0.016566 0.040733
0 0.368138 0.312269 0.018129 0.048096
0 0.544309 0.364205 0.037500 0.066667
0 0.357784 0.324802 0.017745 0.059643
0 0.495693 0.325546 0.033365 0.062222
0 0.423542 0.588446 0.093654 0.133846
0 0.563365 0.613333 0.059135 0.163761
0 0.848558 0.789174 0.086538 0.235328
0 0.965919 0.719658 0.059509 0.155556
0 0.661003 0.932479 0.092692 0.135287
