0 0.950006 0.434733 0.033863 0.061390
0 0.126923 0.396332 0.029808 0.086682
0 0.254091 0.478562 0.032341 0.116343
0 0.555769 0.377778 0.035577 0.070085
0 0.218235 0.280733 0.016566 0.040733
0 0.372115 0.315299 0.021538 0.052137
0 0.544309 0.364205 0.037500 0.066667
0 0.359375 0.325812 0.018654 0.060855
0 0.498750 0.325470 0.033365 0.062222
0 0.448249 0.594173 0.098801 0.137768
0 0.576827 0.625299 0.059135 0.163761
0 0.848954 0.786375 0.104977 0.240925
0 0.966827 0.719658 0.057692 0.155556
0 0.664842 0.935470 0.093942 0.129548
