0 0.944591 0.432407 0.031250 0.057407
0 0.126923 0.396332 0.029808 0.086682
0 0.254217 0.478805 0.032087 0.116829
0 0.516346 0.388034 0.035577 0.070085
0 0.218235 0.280733 0.016566 0.040733
0 0.356206 0.308228 0.018129 0.048096
0 0.544309 0.364205 0.037500 0.066667
0 0.344602 0.317529 0.014108 0.054794
0 0.465119 0.326304 0.033365 0.062222
0 0.333798 0.603675 0.093654 0.133846
0 0.536442 0.589402 0.059135 0.163761
0 0.842508 0.781695 0.089022 0.250285
0 0.958654 0.719658 0.074038 0.155556
0 0.630288 0.908547 0.082692 0.181197
0 0.898283 0.484371 0.056731 0.102564
