0 0.948201 0.433958 0.032992 0.060062
0 0.126923 0.396332 0.029808 0.086682
0 0.254091 0.478562 0.032341 0.116343
0 0.516346 0.388034 0.035577 0.070085
0 0.218235 0.280733 0.016566 0.040733
0 0.368138 0.312269 0.018129 0.048096
0 0.544309 0.364205 0.037500 0.066667
0 0.354602 0.322782 0.015927 0.057218
0 0.483463 0.325849 0.033365 0.062222
0 0.423542 0.588446 0.093654 0.133846
0 0.563365 0.613333 0.059135 0.163761
0 0.848558 0.789174 0.086538 0.235328
0 0.962286 0.719658 0.066774 0.155556
0 0.657163 0.929487 0.091442 0.141026
