0 0.956623 0.437576 0.037058 0.066257
0 0.130673 0.876709 0.060577 0.255983
0 0.126923 0.396045 0.029808 0.086107
0 0.253964 0.478320 0.032594 0.115858
0 0.577404 0.369231 0.046154 0.076923
0 0.223043 0.290989 0.016566 0.057827
0 0.396703 0.327280 0.020486 0.052137
0 0.544693 0.363492 0.037500 0.066667
0 0.388221 0.342906 0.018654 0.071111
0 0.540096 0.339145 0.033365 0.062222
0 0.594993 0.576447 0.093654 0.133846
0 0.635962 0.676581 0.070673 0.197949
0 0.884100 0.837424 0.109547 0.250916
0 0.981731 0.732479 0.027885 0.181197
