0 0.950006 0.434733 0.033863 0.061390
0 0.183077 0.934188 0.073077 0.124786
0 0.126923 0.396332 0.029808 0.086682
0 0.253964 0.478320 0.032594 0.115858
0 0.555769 0.377778 0.035577 0.070085
0 0.219265 0.282930 0.016566 0.044396
0 0.376856 0.318706 0.018698 0.052137
0 0.544693 0.363492 0.037500 0.066667
0 0.370291 0.330909 0.018654 0.064518
0 0.513516 0.330354 0.033365 0.062222
0 0.463069 0.586825 0.091432 0.133846
0 0.596241 0.639422 0.062431 0.173529
0 0.855082 0.798138 0.096154 0.226313
0 0.971085 0.723321 0.049176 0.162882
0 0.692788 0.950427 0.082692 0.100855
