0 0.621467 0.487482 0.070536 0.103042
0 0.126923 0.397387 0.029808 0.088791
0 0.255357 0.466087 0.029808 0.091392
0 0.274760 0.440385 0.065041 0.085958
0 0.349508 0.404628 0.041369 0.077778
0 0.310898 0.280263 0.013568 0.041190
0 0.327514 0.324605 0.019849 0.060744
0 0.820729 0.755890 0.073903 0.219121
0 0.933340 0.696229 0.086264 0.172650
0 0.578483 0.846039 0.082692 0.241026
0 0.490802 0.536765 0.070113 0.128001
0 0.134821 0.310317 0.015179 0.049206
0 0.937837 0.450740 0.043451 0.094494
0 0.978287 0.348413 0.030357 0.058730
