0 0.954217 0.436542 0.035896 0.064487
0 0.170282 0.917069 0.075653 0.155226
0 0.126923 0.396332 0.029808 0.086682
0 0.253964 0.478320 0.032594 0.115858
0 0.555769 0.377778 0.035577 0.070085
0 0.220639 0.285861 0.016566 0.049280
0 0.385586 0.323248 0.019731 0.052137
0 0.544693 0.363492 0.037500 0.066667
0 0.370291 0.330909 0.018654 0.064518
0 0.516470 0.331331 0.033365 0.062222
0 0.529682 0.579866 0.088654 0.133846
0 0.596241 0.639422 0.062431 0.173529
0 0.861218 0.809402 0.104487 0.257265
0 0.973214 0.725153 0.044918 0.166545
0 0.716652 0.965532 0.055420 0.064491
