0 0.956623 0.437576 0.037058 0.066257
0 0.134233 0.874271 0.073970 0.231325
0 0.126923 0.396332 0.029808 0.086682
0 0.253964 0.478320 0.032594 0.115858
0 0.555769 0.377778 0.035577 0.070085
0 0.221669 0.288059 0.016566 0.052943
0 0.396703 0.327280 0.020486 0.052137
0 0.544693 0.363492 0.037500 0.066667
0 0.387672 0.343639 0.018654 0.069646
0 0.531236 0.336215 0.033365 0.062222
0 0.587577 0.578767 0.092821 0.133846
0 0.636036 0.672125 0.075057 0.195507
0 0.876431 0.826486 0.112225 0.270228
0 0.980666 0.731563 0.030014 0.179365
