0 0.950006 0.434733 0.033863 0.061390
0 0.126923 0.396332 0.029808 0.086682
0 0.253977 0.478344 0.032569 0.115906
0 0.555769 0.377778 0.035577 0.070085
0 0.219265 0.282930 0.016566 0.044396
0 0.376856 0.318706 0.018698 0.052137
0 0.544693 0.363492 0.037500 0.066667
0 0.359375 0.325812 0.018654 0.060855
0 0.501703 0.326447 0.033365 0.062222
0 0.463069 0.586825 0.091432 0.133846
0 0.576827 0.625299 0.059135 0.163761
0 0.855082 0.798138 0.096154 0.226313
0 0.966827 0.719658 0.057692 0.155556
0 0.681610 0.944444 0.087192 0.112332
