0 0.960802 0.432407 0.031250 0.057407
0 0.133202 0.540982 0.036481 0.136839
0 0.126923 0.395345 0.029808 0.084707
0 0.254726 0.472902 0.033368 0.105022
0 0.605929 0.366525 0.048522 0.076923
0 0.045252 0.609670 0.088452 0.154286
0 0.312798 0.285608 0.015774 0.048677
0 0.094864 0.376982 0.024897 0.060759
0 0.390610 0.310873 0.024732 0.052222
0 0.326312 0.384066 0.032143 0.086032
0 0.601346 0.447949 0.035000 0.087692
0 0.669808 0.356239 0.037500 0.066667
0 0.672500 0.492222 0.048750 0.104444
0 0.827292 0.364074 0.035000 0.042222
0 0.984205 0.546970 0.027841 0.097172
