0 0.960802 0.432407 0.031250 0.057407
0 0.133234 0.540745 0.036525 0.137230
0 0.126923 0.395278 0.029808 0.084573
0 0.255043 0.471621 0.033364 0.102460
0 0.605907 0.366492 0.048378 0.076923
0 0.198317 0.554115 0.057321 0.123175
0 0.330655 0.293651 0.016250 0.049947
0 0.094864 0.376982 0.024897 0.060759
0 0.419107 0.324603 0.031250 0.053016
0 0.390687 0.411844 0.038393 0.101587
0 0.676346 0.493504 0.042500 0.112137
0 0.746058 0.351795 0.037500 0.066667
0 0.778750 0.557778 0.056250 0.146667
0 0.898125 0.360000 0.035000 0.071111
