0 0.960804 0.432407 0.031250 0.057407
0 0.133273 0.540459 0.036579 0.137699
0 0.126923 0.395067 0.029808 0.084151
0 0.255677 0.476993 0.033358 0.113205
0 0.605567 0.365986 0.046154 0.076923
0 0.330208 0.496242 0.038988 0.119224
0 0.363393 0.309524 0.020536 0.057143
0 0.094864 0.376982 0.024897 0.060759
0 0.474732 0.331270 0.037500 0.061905
0 0.489136 0.466659 0.048710 0.108995
0 0.781068 0.569060 0.056944 0.129915
0 0.866827 0.366841 0.037500 0.056061
0 0.946875 0.631111 0.087500 0.168889
0 0.981951 0.352593 0.027045 0.054949
