0 0.914784 0.434117 0.031250 0.057407
0 0.126923 0.396582 0.029808 0.087180
0 0.254407 0.479169 0.031707 0.117556
0 0.516346 0.388034 0.035577 0.070085
0 0.337740 0.296612 0.014152 0.043046
0 0.543964 0.364847 0.037500 0.066667
0 0.320739 0.301570 0.014108 0.054794
0 0.437212 0.327179 0.021827 0.062222
0 0.124663 0.630171 0.106154 0.145812
0 0.465088 0.535627 0.049119 0.138262
0 0.833654 0.786325 0.081731 0.241026
0 0.948077 0.719658 0.095192 0.155556
0 0.597596 0.868376 0.082692 0.241026
0 0.850962 0.481197 0.056731 0.102564
