0 0.921707 0.434117 0.031250 0.057407
0 0.126923 0.396582 0.029808 0.087180
0 0.254306 0.478975 0.031910 0.117168
0 0.516346 0.388034 0.035577 0.070085
0 0.346831 0.301663 0.014152 0.043046
0 0.543964 0.364847 0.037500 0.066667
0 0.327102 0.307226 0.014108 0.054794
0 0.442736 0.326247 0.026442 0.062222
0 0.184221 0.622208 0.102821 0.142621
0 0.471442 0.541994 0.044135 0.140057
0 0.835321 0.786325 0.081731 0.241026
0 0.948782 0.719658 0.093782 0.155556
0 0.601955 0.873732 0.082692 0.233048
0 0.857271 0.481620 0.056731 0.102564
