0 0.911899 0.434361 0.031250 0.057407
0 0.126923 0.396582 0.029808 0.087180
0 0.254407 0.479169 0.031707 0.117556
0 0.503846 0.391453 0.035577 0.070085
0 0.337740 0.296612 0.014152 0.043046
0 0.543964 0.364847 0.037500 0.066667
0 0.319261 0.300660 0.014108 0.052976
0 0.428558 0.324249 0.021827 0.062222
0 0.110781 0.632338 0.104248 0.148193
0 0.451140 0.522247 0.041827 0.126154
0 0.833654 0.776459 0.081731 0.221294
0 0.948077 0.706992 0.095192 0.180887
0 0.594574 0.865446 0.082692 0.241026
0 0.843132 0.481197 0.056731 0.102564
