0 0.960804 0.432407 0.031250 0.057407
0 0.133253 0.540602 0.036552 0.137465
0 0.126923 0.395067 0.029808 0.084151
0 0.255405 0.472141 0.033361 0.103500
0 0.605622 0.366068 0.046513 0.076923
0 0.303526 0.512139 0.045238 0.129101
0 0.353869 0.304233 0.020536 0.057143
0 0.094864 0.376982 0.024897 0.060759
0 0.458363 0.327566 0.036111 0.059436
0 0.463822 0.447380 0.045476 0.115414
0 0.747021 0.544298 0.048849 0.122295
0 0.833974 0.370313 0.037500 0.044444
0 0.888750 0.611111 0.083750 0.151111
0 0.958958 0.358519 0.035000 0.071111
