0 0.956623 0.437576 0.037058 0.066257
0 0.134233 0.874271 0.073970 0.231325
0 0.126923 0.396332 0.029808 0.086682
0 0.253964 0.478320 0.032594 0.115858
0 0.555769 0.377778 0.035577 0.070085
0 0.221669 0.288059 0.016566 0.052943
0 0.391074 0.325936 0.020234 0.052137
0 0.544693 0.363492 0.037500 0.066667
0 0.387672 0.343639 0.018654 0.069646
0 0.531236 0.336215 0.033365 0.062222
0 0.571868 0.572092 0.091987 0.133846
0 0.635069 0.667668 0.069025 0.193065
0 0.873449 0.825733 0.107612 0.276577
0 0.978537 0.729731 0.034272 0.175702
