0 0.960802 0.432407 0.031250 0.057407
0 0.133218 0.540863 0.036503 0.137034
0 0.126923 0.395278 0.029808 0.084573
0 0.254726 0.472902 0.033368 0.105022
0 0.605907 0.366492 0.048378 0.076923
0 0.134788 0.579605 0.072763 0.138861
0 0.325298 0.292063 0.015774 0.048677
0 0.094864 0.376982 0.024897 0.060759
0 0.409524 0.320159 0.027083 0.053016
0 0.363187 0.396288 0.038393 0.101587
0 0.641346 0.477949 0.042500 0.112137
0 0.708558 0.355604 0.037500 0.066667
0 0.733824 0.525163 0.056250 0.122222
0 0.869375 0.351111 0.035000 0.071111
