0 0.965585 0.434117 0.031250 0.057407
0 0.093814 0.686111 0.047756 0.213533
0 0.126923 0.396045 0.029808 0.086107
0 0.253571 0.477567 0.033379 0.114353
0 0.598514 0.367423 0.039936 0.076923
0 0.326012 0.286402 0.012798 0.042434
0 0.238607 0.310839 0.019451 0.059707
0 0.452788 0.352137 0.022500 0.063248
0 0.547356 0.361282 0.037500 0.066667
0 0.437410 0.374744 0.024603 0.073248
0 0.619904 0.340855 0.033365 0.062222
0 0.770411 0.567350 0.077216 0.133846
0 0.770955 0.812051 0.088187 0.232991
0 0.970770 0.918876 0.051730 0.157121
