0 0.960803 0.432407 0.031250 0.057407
0 0.133239 0.540709 0.036532 0.137289
0 0.126923 0.386413 0.029808 0.066844
0 0.255314 0.470523 0.033362 0.100264
0 0.605754 0.366264 0.047374 0.076923
0 0.248028 0.534732 0.051743 0.134780
0 0.343155 0.300529 0.016964 0.051852
0 0.094864 0.376982 0.024897 0.060759
0 0.435068 0.324644 0.030671 0.050876
0 0.425687 0.422955 0.038393 0.101587
0 0.704679 0.516838 0.045000 0.116581
0 0.757800 0.354538 0.037500 0.066667
0 0.818036 0.573407 0.066071 0.141416
0 0.922768 0.360000 0.035000 0.071111
