0 0.960802 0.432407 0.031250 0.057407
0 0.133234 0.540745 0.036525 0.137230
0 0.126923 0.395278 0.029808 0.084573
0 0.255043 0.471621 0.033364 0.102460
0 0.605907 0.366492 0.048378 0.076923
0 0.191264 0.559670 0.063571 0.124762
0 0.330655 0.293651 0.016250 0.049947
0 0.094864 0.376982 0.024897 0.060759
0 0.413661 0.322698 0.026786 0.053016
0 0.375852 0.399023 0.038393 0.101587
0 0.655962 0.478266 0.042500 0.112137
0 0.739808 0.352430 0.037500 0.066667
0 0.759629 0.539206 0.056250 0.136190
0 0.885804 0.356190 0.035000 0.071111
