0 0.960802 0.432407 0.031250 0.057407
0 0.133202 0.540982 0.036481 0.136839
0 0.126923 0.395345 0.029808 0.084707
0 0.254726 0.472902 0.033368 0.105022
0 0.605907 0.366492 0.048378 0.076923
0 0.067365 0.602051 0.083869 0.159577
0 0.316369 0.289418 0.015774 0.048677
0 0.094864 0.376982 0.024897 0.060759
0 0.393611 0.312540 0.023115 0.053016
0 0.338812 0.384066 0.032143 0.086032
0 0.614423 0.451453 0.038654 0.103590
0 0.672308 0.356239 0.037500 0.066667
0 0.691250 0.503333 0.048750 0.104444
0 0.838125 0.365556 0.035000 0.042222
0 0.984205 0.559091 0.027841 0.072929
