0 0.928630 0.434117 0.031250 0.057407
0 0.126923 0.396332 0.029808 0.086682
0 0.254217 0.478805 0.032087 0.116829
0 0.516346 0.388034 0.035577 0.070085
0 0.351377 0.304693 0.014152 0.043046
0 0.544309 0.364205 0.037500 0.066667
0 0.328693 0.308640 0.014108 0.054794
0 0.450970 0.327164 0.029904 0.062222
0 0.238710 0.608298 0.100321 0.140228
0 0.500907 0.568164 0.049904 0.149174
0 0.839487 0.786325 0.081731 0.241026
0 0.952308 0.719658 0.086731 0.155556
0 0.612853 0.887123 0.082692 0.213105
0 0.876200 0.482890 0.056731 0.102564
