0 0.964216 0.434005 0.031250 0.057407
0 0.094135 0.743875 0.047115 0.222792
0 0.126923 0.396045 0.029808 0.086107
0 0.253571 0.477567 0.033379 0.114353
0 0.598514 0.367423 0.039936 0.076923
0 0.326012 0.286402 0.012798 0.042434
0 0.238607 0.310839 0.019451 0.059707
0 0.447861 0.348611 0.022500 0.060470
0 0.547356 0.361282 0.037500 0.066667
0 0.437410 0.374744 0.024603 0.073248
0 0.616058 0.340641 0.033365 0.062222
0 0.770411 0.567350 0.077216 0.133846
0 0.751702 0.788173 0.081980 0.227543
0 0.966224 0.902714 0.060820 0.189444
