0 0.960803 0.432407 0.031250 0.057407
0 0.133239 0.540709 0.036532 0.137289
0 0.126923 0.386413 0.029808 0.066844
0 0.255314 0.470523 0.033362 0.100264
0 0.605754 0.366264 0.047374 0.076923
0 0.248028 0.534732 0.051743 0.134780
0 0.343155 0.300529 0.016964 0.051852
0 0.094864 0.376982 0.024897 0.060759
0 0.435068 0.324644 0.030671 0.050876
0 0.425687 0.422955 0.038393 0.101587
0 0.722775 0.526838 0.046071 0.118486
0 0.784849 0.355311 0.037500 0.066667
0 0.841607 0.585975 0.071964 0.144648
0 0.939196 0.360000 0.035000 0.071111
