0 0.914784 0.434117 0.031250 0.057407
0 0.126923 0.396582 0.029808 0.087180
0 0.254306 0.478975 0.031910 0.117168
0 0.516346 0.388034 0.035577 0.070085
0 0.342286 0.299138 0.014152 0.043046
0 0.543964 0.364847 0.037500 0.066667
0 0.320739 0.301570 0.014108 0.054794
0 0.438593 0.326946 0.022981 0.062222
0 0.124663 0.630171 0.106154 0.145812
0 0.465088 0.535627 0.049119 0.138262
0 0.834487 0.786325 0.081731 0.241026
0 0.948782 0.719658 0.093782 0.155556
0 0.597596 0.868376 0.082692 0.241026
0 0.850962 0.481197 0.056731 0.102564
