0 0.960803 0.432407 0.031250 0.057407
0 0.133239 0.540709 0.036532 0.137289
0 0.126923 0.386413 0.029808 0.066844
0 0.255043 0.471621 0.033364 0.102460
0 0.605754 0.366264 0.047374 0.076923
0 0.234693 0.536619 0.055073 0.146173
0 0.340179 0.299471 0.016964 0.051852
0 0.094864 0.376982 0.024897 0.060759
0 0.429449 0.322751 0.028720 0.047725
0 0.404258 0.416606 0.038393 0.101587
0 0.699560 0.510171 0.044286 0.115311
0 0.757800 0.354538 0.037500 0.066667
0 0.818036 0.573407 0.066071 0.141416
0 0.914554 0.360000 0.035000 0.071111
