0 0.961704 0.432730 0.031250 0.057407
0 0.133202 0.540982 0.036481 0.136839
0 0.126923 0.395441 0.029808 0.084899
0 0.254726 0.472902 0.033368 0.105022
0 0.602614 0.366721 0.042490 0.076923
0 0.022692 0.608559 0.043571 0.143175
0 0.308631 0.283069 0.015774 0.048677
0 0.378988 0.309683 0.022321 0.049841
0 0.320066 0.376330 0.031362 0.084444
0 0.595210 0.443100 0.035000 0.087692
0 0.652620 0.359573 0.037500 0.066667
0 0.644956 0.476061 0.044659 0.102828
0 0.809375 0.363333 0.035000 0.042222
0 0.982500 0.538889 0.031250 0.113333
