0 0.891501 0.436193 0.031250 0.057407
0 0.126923 0.396582 0.029808 0.087180
0 0.254496 0.479339 0.031530 0.117896
0 0.482349 0.397924 0.035577 0.079609
0 0.329218 0.293582 0.014152 0.043046
0 0.543964 0.364847 0.037500 0.066667
0 0.306534 0.297024 0.014108 0.045703
0 0.407060 0.318046 0.021827 0.057631
0 0.021925 0.655190 0.041061 0.109448
0 0.430935 0.497483 0.040728 0.111258
0 0.833654 0.773882 0.081731 0.216139
0 0.948077 0.712739 0.095192 0.169394
0 0.589538 0.860562 0.082692 0.241026
0 0.829430 0.480281 0.056250 0.099756
