0 0.961704 0.432730 0.031250 0.057407
0 0.133202 0.540982 0.036481 0.136839
0 0.126923 0.395345 0.029808 0.084707
0 0.254726 0.472902 0.033368 0.105022
0 0.602614 0.366721 0.042490 0.076923
0 0.035192 0.608559 0.068571 0.143175
0 0.310417 0.283069 0.015774 0.048677
0 0.384940 0.309683 0.022321 0.049841
0 0.326312 0.384066 0.032143 0.086032
0 0.601346 0.447949 0.035000 0.087692
0 0.664808 0.356239 0.037500 0.066667
0 0.672500 0.492222 0.048750 0.104444
0 0.821875 0.363333 0.035000 0.042222
0 0.984205 0.546970 0.027841 0.097172
