0 0.937091 0.433433 0.031250 0.057407
0 0.126923 0.396332 0.029808 0.086682
0 0.254217 0.478805 0.032087 0.116829
0 0.516346 0.388034 0.035577 0.070085
0 0.356206 0.308228 0.018129 0.048096
0 0.544309 0.364205 0.037500 0.066667
0 0.337898 0.313489 0.014108 0.054794
0 0.462062 0.326380 0.033365 0.062222
0 0.296233 0.607964 0.096154 0.136239
0 0.500907 0.568164 0.049904 0.149174
0 0.843654 0.786325 0.081731 0.241026
0 0.956538 0.719658 0.078269 0.155556
0 0.623750 0.900513 0.082692 0.193162
0 0.876200 0.482890 0.056731 0.102564
