0 0.960802 0.432407 0.031250 0.057407
0 0.133239 0.540709 0.036532 0.137289
0 0.126923 0.395278 0.029808 0.084573
0 0.255043 0.471621 0.033364 0.102460
0 0.605754 0.366264 0.047374 0.076923
0 0.218588 0.545755 0.064292 0.138836
0 0.335714 0.296296 0.016964 0.051852
0 0.094864 0.376982 0.024897 0.060759
0 0.423244 0.323862 0.030238 0.050899
0 0.404258 0.416606 0.038393 0.101587
0 0.682299 0.498689 0.043214 0.113407
0 0.755069 0.355177 0.042857 0.068254
0 0.795774 0.557468 0.060179 0.134196
0 0.909911 0.366349 0.035000 0.042540
