0 0.960232 0.439126 0.038800 0.068912
0 0.124885 0.857764 0.060615 0.252051
0 0.126923 0.396045 0.029808 0.086107
0 0.253825 0.478053 0.032873 0.115324
0 0.577404 0.369231 0.046154 0.076923
0 0.223043 0.290989 0.016566 0.057827
0 0.396703 0.327280 0.020486 0.052137
0 0.544693 0.363492 0.037500 0.066667
0 0.395144 0.347350 0.019423 0.071111
0 0.540096 0.339145 0.033365 0.062222
0 0.622251 0.577123 0.090192 0.133846
0 0.647532 0.686154 0.070801 0.200684
0 0.884100 0.837424 0.109547 0.250916
0 0.981163 0.763792 0.029021 0.118570
