0 0.956623 0.437576 0.037058 0.066257
0 0.170282 0.917069 0.075653 0.155226
0 0.126923 0.396332 0.029808 0.086682
0 0.253964 0.478320 0.032594 0.115858
0 0.555769 0.377778 0.035577 0.070085
0 0.221669 0.288059 0.016566 0.052943
0 0.391074 0.325936 0.020234 0.052137
0 0.544693 0.363492 0.037500 0.066667
0 0.383391 0.337025 0.018654 0.068913
0 0.531236 0.336215 0.033365 0.062222
0 0.569845 0.578975 0.098507 0.136461
0 0.618070 0.660606 0.067376 0.188181
0 0.861218 0.809402 0.104487 0.257265
0 0.978537 0.729731 0.034272 0.175702
